536.789978
524.72998
625.340027
602.359985
608.369995
711.059998
747.109985
743
750.460022
703.619995
738.599976
697.630005
734.530029
692.200012
761.090027
769.25
774.25
782.890015
757.440002
778.809998
799.679993
828.849976
829.219971
901.940002
968.950012
912.179993
932.380005
941.130005
959.97998
1017.210022
1015.799988
1048.339966
1162.609985
1107.869995
1022.820007
1013.659973
1099.349976
1099
1228
1204.27002
1199.890015
1075.800049
1123.140015
1016.570007
1112.400024
1124.900024
1184.099976
1188.050049
