130.279999
126.900002
121.5
110.150002
109.07
120.800003
118.75
102.610001
96.470001
97.650002
108.779999
93.970001
99.019997
95.489998
104.410004
106.139999
112.709999
113.459999
110.370003
115.800003
127.029999
137.889999
143.710007
145.100006
153.169998
144.880005
149.100006
164.800003
154.259995
169.869995
169.949997
170.160004
167.169998
178.539993
166.639999
166.410004
187.990005
183.820007
199.130005
228.410004
227.949997
219.050003
184.460007
154.889999
166.960007
174.279999
191.639999
209.880005