434.089996
536.150024
512.890015
511.890015
625.900024
664.799988
675.890015
587
552.52002
593.640015
659.590027
722.789978
715.619995
758.809998
769.159973
837.309998
789.820007
750.570007
768.659973
823.47998
845.039978
886.539978
924.98999
994.619995
968
987.780029
980.599976
961.349976
1105.280029
1176.75
1169.469971
1450.890015
1512.449951
1447.339966
1566.130005
1629.619995
1699.800049
1777.439941
2012.709961
2003
1598.01001
1690.170044
1501.969971
1718.72998
1639.829956
1780.75
1926.52002
1823.280029